UNITED STATES OF AMERICA
PRESDENTIAL ELECTIONS OF 1900
====================================================================


POPULAR VOTE AND ELECTORAL COLLEGE VOTE BY STATE
====================================================================

                       William J                 William
                           Bryan                McKinley
                   (Democrat, NE)        (Republican, OH)
--------------------------------------------------------------------
State               vote    %     ECV       vote    %     ECV
--------------------------------------------------------------------
ALABAMA              97,129 60.8  11         55,612 34.8   -         
ARKANSAS             81,242 63.5   8         44,800 35.0   -
CALIFORNIA          124,985 41.3   -        164,755 54.5   9
COLORADO            122,705 55.6   4         92,701 42.0   -
CONNECTICUT          74,014 41.1   -        102,572 56.9   6
DELAWARE             18,852 44.9   -         22,535 53.7   3
FLORIDA              28,273 71.3   4          7,355 18.6   -
GEORGIA              81,180 66.9  13         34,260 28.2   -
IDAHO                29,484 50.9   3         27,198 46.9   -
ILLINOIS            503,061 44.4   -        597,985 52.8  24
INDIANA             309,584 46.6   -        336,063 50.6  15
IOWA                209,261 39.5   -        307,799 58.0  13
KANSAS              162,601 46.0   -        185,955 52.6  10
KENTUCKY            235,126 50.2  13        227,132 48.5   -
LOUISIANA            53,668 79.0   8         14,234 21.0   -
MAINE                36,822 34.8   -         65,412 61.9   6
MARYLAND            122,237 46.2   -        136,151 51.5   8
MASSACHUSETTS       156,997 37.9   -        238,866 57.6  15
MICHIGAN            211,432 38.9   -        316,014 58.1  14
MINNESOTA           112,901 35.7   -        190,461 60.2   9
MISSISSIPPI          51,706 87.6   9          5,707 09.7   -
MISSOURI            351,922 51.5  17        314,092 45.9   - 
MONTANA              37,311 58.4   3         25,409 39.8   -
NEBRASKA            114,013 47.2   -        121,835 50.5   6
NEVADA                6,347 62.3   3          3,849 37.8   -
NEW HAMPSHIRE        35,489 38.4   -         54,799 59.3   4
NEW JERSEY          164,808 41.1   -        221,707 55.3  10
NEW YORK            678,462 43.8   -        822,013 53.1  36
NTH CAROLINA        157,733 53.9  11        132,997 45.5   -
NTH DAKOTA           20,524 35.5   -         35,898 62.1   3
OHIO                474,882 45.7   -        543,918 52.3  23
OREGON               32,810 39.4   -         46,172 55.5   4
PENNSYLVANIA        424,232 36.2   -        712,665 60.7  32
RHODE ISLAND         19,812 35.0   -         33,784 59.7   4
STH CAROLINA         47,173 93.1   9          3,525 07.0   -
STH DAKOTA           39,538 41.1   -         54,574 56.8   3
TENNESSEE           145,240 53.0  12        123,108 45.0   -
TEXAS               267,945 63.1  15        131,174 30.9   -
UTAH                 44,949 48.3   -         47,089 50.6   3
VERMONT              12,849 22.9   -         42,569 75.7   4
VIRGINIA            146,079 55.3  12        115,769 43.8   -
WASHINGTON           44,833 41.7   -         57,455 53.4   4
WEST VIRGINIA        98,807 44.8   -        119,829 54.3   6
WISCONSIN           159,163 36.0   -        265,760 60.1  12
WYOMING              10,164 41.1   -         14,482 58.6   3
--------------------------------------------------------------------
                  6,358,345 45.5 155      7,218,039 51.7 292
--------------------------------------------------------------------

