UNITED STATES OF AMERICA
PRESDENTIAL ELECTIONS OF 1904
====================================================================


POPULAR VOTE AND ELECTORAL COLLEGE VOTE BY STATE
====================================================================

                         Alton B                Theodore
                          Parker               Roosevelt
                   (Democrat, NY)        (Republican, NY)
--------------------------------------------------------------------
State               vote    %     ECV       vote    %     ECV
--------------------------------------------------------------------
ALABAMA              79,797 73.4  11         22,472 20.7   -
ARKANSAS             64,434 55.4   9         46,760 40.2   -
CALIFORNIA           89,294 26.9   -        205,226 61.9  10
COLORADO            100,105 41.1   -        134,661 55.3   5
CONNECTICUT          72,909 38.2   -        111,089 58.1   7
DELAWARE             19,347 44.1   -         23,705 54.1   3
FLORIDA              26,449 68.3   5          8,314 21.5   -
GEORGIA              83,466 63.7  13         24,004 18.3   -
IDAHO                18,480 25.5   -         47,783 65.8   3
ILLINOIS            327,606 30.4   -        632,645 58.8  27
INDIANA             274,356 40.2   -        368,289 54.0  15
IOWA                149,141 30.7   -        307,907 63.4  13
KANSAS               86,164 26.2   -        213,455 64.9  10
KENTUCKY            217,170 49.8  13        205,457 47.1   -
LOUISIANA            47,708 88.5   9          5,205 09.7   -
MAINE                27,642 28.5   -         65,432 57.4   6
MARYLAND            109,446 48.8   7        109,497 48.8   1
MASSACHUSETTS       165,746 37.2   -        257,813 57.9  16
MICHIGAN            134,163 25.8   -        361,863 69.5  14
MINNESOTA            55,187 18.8   -        216,651 74.0  11
MISSISSIPPI          53,480 91.1  10          3,280 05.6   -
MISSOURI            296,312 46.0   -        321,449 49.9  18 
MONTANA              21,816 34.3   -         33,994 53.5   3
NEBRASKA             52,921 23.4   -        135,558 61.4   8
NEVADA                3,982 32.9   -          6,864 56.7   3
NEW HAMPSHIRE        34,071 37.8   -         54,157 60.1   4
NEW JERSEY          164,566 38.1   -        245,164 56.7  12
NEW YORK            683,981 42.3   -        859,533 53.1  39
NTH CAROLINA        124,091 59.7  12         82,442 39.7   -
NTH DAKOTA           14,273 20.4   -         52,595 75.1   4
OHIO                344,674 34.3   -        600,095 59.8  23
OREGON               17,327 19.3   -         60,309 67.3   4
PENNSYLVANIA        337,998 27.3   -        840,949 68.0  34
RHODE ISLAND         24,839 36.2   -         41,605 60.6   4
STH CAROLINA         53,320 95.4   9          2,570 04.6   -
STH DAKOTA           21,969 21.7   -         72,083 71.1   4
TENNESSEE           131,653 54.2  12        105,363 43.4   -
TEXAS               167,088 71.5  18         51,307 22.0   -
UTAH                 33,413 32.9   -         62,446 61.5   3
VERMONT               9,777 18.8   -         40,459 78.0   4
VIRGINIA             80,649 61.8  12         48,180 37.0   -
WASHINGTON           28,098 19.4   -        101,540 70.0   5
WEST VIRGINIA       100,855 42.0   -        132,620 55.3   7
WISCONSIN           124,205 28.0   -        280,314 63.2  13
WYOMING              10,164 41.1   -         14,482 58.6   3
--------------------------------------------------------------------
                  6,358,345 45.5 155      7,218,039 51.7 292
--------------------------------------------------------------------

