UNITED STATES OF AMERICA
PRESDENTIAL ELECTIONS OF 1908
====================================================================


POPULAR VOTE AND ELECTORAL COLLEGE VOTE BY STATE
====================================================================

                       William J               William H
                           Bryan                    Taft
                   (Democrat, NE)        (Republican, OH)
--------------------------------------------------------------------
State               vote    %     ECV       vote    %     ECV
--------------------------------------------------------------------
ALABAMA              74,391 70.8  11         25,561 24.3   -
ARKANSAS             87,020 57.3   9         56,684 37.3   -
CALIFORNIA          127,492 33.0   -        214,398 55.5  10
COLORADO            126,644 48.0   5        123,693 46.9   -
CONNECTICUT          68,255 35.9   -        112,815 59.4   7
DELAWARE             22,055 45.9   -         25,014 52.1   3
FLORIDA              31,104 63.0   5         10,654 21.6   -
GEORGIA              72,350 54.6  13         41,355 31.2   -
IDAHO                36,162 37.2   -         52,621 54.1   3
ILLINOIS            450,810 39.0   -        629,932 54.5  27
INDIANA             338,262 46.9   -        348,993 48.4  15
IOWA                200,771 40.6   -        275,210 55.6  13
KANSAS              161,209 42.9   -        197,316 52.5  10
KENTUCKY            244,092 49.7  13        235,711 48.0   -
LOUISIANA            63,568 84.6   9          8,958 11.9   -
MAINE                35,403 33.3   -         66,987 63.0   6
MARYLAND            115,908 48.6   6        116,513 48.9   2
MASSACHUSETTS       155,533 34.0   -        265,966 58.2  16
MICHIGAN            174,619 32.5   -        333,313 61.9  14
MINNESOTA           109,401 33.1   -        195,843 59.3  11
MISSISSIPPI          60,287 90.1  10          4,363 06.5   -
MISSOURI            346,574 48.4   -        347,203 48.5  18 
MONTANA              29,511 42.6   -         32,471 46.9   3
NEBRASKA            131,099 49.1   8        126,997 47.6   -
NEVADA               11,212 45.7   3         10,775 43.9   -
NEW HAMPSHIRE        33,655 37.6   -         53,144 59.3   4
NEW JERSEY          182,522 39.1   -        265,298 56.8  12
NEW YORK            667,468 40.7   -        870,070 53.1  39
NTH CAROLINA        136,928 54.2  12        114,887 45.5   -
NTH DAKOTA           32,884 34.8   -         57,680 61.0   4
OHIO                502,721 44.8   -        572,312 51.0  23
OKLAHOMA            122,362 48.1   7        110,473 43.5   -
OREGON               37,792 34.2   -         62,454 56.5   4
PENNSYLVANIA        448,782 35.4   -        745,779 58.8  34
RHODE ISLAND         24,706 34.2   -         43,942 60.8   4
STH CAROLINA         62,288 93.8   9          3,945 05.9   -
STH DAKOTA           40,266 35.1   -         67,536 58.8   4
TENNESSEE           135,608 52.7  12        117,977 45.9   -
TEXAS               216,662 74.0  18         65,605 22.4   -
UTAH                 42,610 39.2   -         61,165 56.2   3
VERMONT              11,496 21.8   -         39,552 75.1   4
VIRGINIA             82,946 60.5  12         52,572 38.4   -
WASHINGTON           58,383 31.8   -        106,062 57.8   5
WEST VIRGINIA       110,410 43.2   -        137,869 53.4   7
WISCONSIN           166,662 36.7   -        247,744 54.5  13
WYOMING              14,918 39.7   -         20,846 55.4   3
--------------------------------------------------------------------
                  6,406,801 43.0 162      7,676,258 51.6 321
--------------------------------------------------------------------

