UNITED STATES OF AMERICA
PRESDENTIAL ELECTIONS OF 1912
===========================================================================


POPULAR VOTE AND ELECTORAL COLLEGE VOTE BY STATE
===========================================================================

                   Theodore            William H              Woodrow
                  Roosevelt                 Taft               Wilson
           (Progressive, NY)     (Republican, OH)       (Democrat, NJ)
---------------------------------------------------------------------------
State          vote    %     ECV    vote    %     ECV    vote    %     ECV
---------------------------------------------------------------------------
ALABAMA         22,680 19.2   -       9,807 08.3   -      82,438 69.9  11
ARIZONA          6,949 29.3   -       2,986 12.6   -      10,324 43.6   3
ARKANSAS        21,644 17.3   -      25,585 20.5   -      68,814 55.0   9
CALIFORNIA     283,610 41.8  11       3,847 00.6   -     284,436 41.8   2
COLORADO        71,752 27.0   -      58,386 22.0   -     113,912 42.8   6
CONNECTICUT     34,129 17.9   -      68,324 35.9   -      74,561 39.2   7
DELAWARE         8,886 18.3   -      15,997 32.9   -      22,631 46.5   3
FLORIDA          4,555 09.0   -       4,297 08.4   -      35,343 69.5   6
GEORGIA         21,985 18.1   -       5,191 04.3   -      93,087 76.6  14
IDAHO           25,527 24.1   -      32,810 31.0   -      33,921 32.1   4
ILLINOIS       386,478 33.7   -     253,593 22.1   -     405,048 35.3  29
INDIANA        162,007 24.8   -     151,267 23.1   -     281,890 43.1  15
IOWA           161,819 32.9   -     119,805 24.3   -     185,322 37.6  13
KANSAS         120,210 32.9   -      74,845 20.5   -     143,663 39.3  10
KENTUCKY       101,766 22.5   -     115,510 25.5   -     219,484 48.5  13
LOUISIANA        9,283 11.7   -       3,833 04.8   -      60,871 76.8  10
MAINE           48,495 37.4   -      26,545 20.5   -      51,113 39.4   6
MARYLAND        57,789 24.9   -      54,956 23.7   -     112,674 48.6   8
MASSACHUSETTS  142,228 29.1   -     155,948 32.0   -     173,408 35.5  18
MICHIGAN       213,243 38.9  15     151,434 27.6   -     150,201 27.4   -
MINNESOTA      125,856 37.7  12      64,334 19.3   -     106,426 31.8   -
MISSISSIPPI      3,549 05.5   -       1,560 02.4   -      57,324 88.9  10
MISSOURI       124,375 17.8   -     207,821 29.8   -     330,746 47.4  18 
MONTANA         22,709 28.3   -      18,575 23.1   -      28,129 35.1   4
NEBRASKA        72,681 29.1   -      54,226 21.7   -     109,008 43.7   8
NEVADA           5,620 27.9   -       3,197 15.9   -       7,986 39.7   3
NEW HAMPSHIRE   17,794 20.2   -      32,927 37.4   -      34,724 39.5   4
NEW JERSEY     145,679 33.6   -      89,066 20.5   -     178,638 41.2  14
NEW MEXICO       8,347 17.1   -      17,164 35.2   -      20,437 41.9   3
NEW YORK       390,093 24.6   -     455,487 28.7   -     655,573 41.3  45
NTH CAROLINA    69,135 28.4   -      29,129 12.0   -     144,407 59.2  12
NTH DAKOTA      25,726 29.8   -      22,990 26.6   -      29,549 34.2   5
OHIO           229,807 22.2   -     278,168 26.8   -     424,834 41.0  24
OKLAHOMA             -        -      90,726 35.8   -     119,143 47.0  10
OREGON          37,600 27.4   -      34,673 25.3   -      47,064 34.3   5
PENNSYLVANIA   444,894 36.5  38     273,360 22.5   -     395,637 32.5   -
RHODE ISLAND    16,868 21.7   -      27,703 35.6   -      30,412 39.0   5
STH CAROLINA     1,293 02.6   -         536 01.1   -      48,355 95.9   9
STH DAKOTA      58,811 50.6   5           -        -      48,942 42.1   -
TENNESSEE       54,041 21.5   -      60,475 24.0   -     133,021 52.8  12
TEXAS           26,715 08.9   -      28,310 09.4   -     218,921 72.7  20
UTAH            24,174 21.5   -      42,013 37.4   4      36,576 32.6   -
VERMONT         22,129 35.2   -      23,303 37.1   4      15,350 24.4   -
VIRGINIA        21,776 15.9   -      23,288 17.0   -      90,332 66.0  12
WASHINGTON     113,698 35.2   7      70,445 21.8   -      86,840 26.9   -
WEST VIRGINIA   79,112 29.4   -      56,754 21.1   -     113,097 42.1   8
WISCONSIN       62,448 15.6   -     130,596 32.7   -     164,230 41.1  13
WYOMING          9,232 21.8   -      14,560 34.4   -      15,310 36.2   3
---------------------------------------------------------------------------
             4,119,207 27.4  88   3,486,333 23.2   8   6,293,152 41.8 435
---------------------------------------------------------------------------

