UNITED STATES OF AMERICA
PRESDENTIAL ELECTIONS OF 1916
====================================================================


POPULAR VOTE AND ELECTORAL COLLEGE VOTE BY STATE
====================================================================

                       Charles E                 Woodrow
                          Hughes                  Wilson
                 (Republican, NY)          (Democrat, NJ)
--------------------------------------------------------------------
State               vote    %     ECV       vote    %     ECV
--------------------------------------------------------------------
ALABAMA              28,662 22.0   -         99,116 76.0  11
ARIZONA              20,522 35.4   -         33,170 57.2   3
ARKANSAS             48,879 28.7   -        112,211 66.0   9
CALIFORNIA          462,516 46.3   -        465,936 46.6  13
COLORADO            101,388 34.7   -        177,496 60.8   6
CONNECTICUT         106,514 49.8   7         99,786 46.7   -
DELAWARE             26,011 50.2   3         24,753 47.8   -
FLORIDA              14,611 18.1   -         55,984 69.3   6
GEORGIA              11,294 07.0   -        127,754 79.5  14
IDAHO                55,368 41.1   -         70,054 52.2   4
ILLINOIS          1,152,549 52.6  29        950,229 43.3   -
INDIANA             341,005 47.4  15        334,063 46.5   -
IOWA                280,439 54.3  13        221,699 42.9   -
KANSAS              277,658 44.1   -        314,588 50.0  10
KENTUCKY            241,854 46.5   -        269,990 51.9  13
LOUISIANA             6,466 07.0   -         79,875 85.9  10
MAINE                69,508 51.0   6         64,033 47.0   -
MARYLAND            117,347 44.8   -        138,359 52.8   8
MASSACHUSETTS       268,784 50.5  18        247,885 46.6   -
MICHIGAN            337,952 52.2  15        283,993 43.9   -
MINNESOTA           179,544 46.4  12        179,155 46.3   -
MISSISSIPPI           4,253 04.9   -         80,422 93.3  10
MISSOURI            369,339 46.9   -        398,032 50.6  18 
MONTANA              66,933 37.6   -        101,104 56.8   4
NEBRASKA            117,771 41.0   -        158,827 55.3   8
NEVADA               12,127 36.4   -         17,776 53.4   3
NEW HAMPSHIRE        43,725 49.1   -         43,781 49.1   4
NEW JERSEY          268,982 54.4  14        211,018 42.7   -
NEW MEXICO           31,097 46.5   -         33,693 50.4   3
NEW YORK            879,238 57.5  45        759,426 44.5   -
NTH CAROLINA        120,890 41.7   -        168,383 58.1  12
NTH DAKOTA           53,471 46.3   -         55,206 47.8   5
OHIO                514,753 44.2   -        604,161 51.9  24
OKLAHOMA             97,233 33.3   -        148,123 50.7  10
OREGON              126,813 48.5   5        120,087 45.9   -
PENNSYLVANIA        703,823 54.3  38        521,784 40.2   -
RHODE ISLAND         44,858 51.1   5         40,394 46.0   -
STH CAROLINA          1,550 02.4   -         61,845 96.7   9
STH DAKOTA           64,217 49.8   5         59,191 45.9   -
TENNESSEE           116,223 42.7   -        153,280 56.3  12
TEXAS                64,999 17.4   -        287,415 77.0  20
UTAH                 54,137 37.8   -         84,145 58.8   4
VERMONT              40,250 62.4   4         22,708 35.2   -
VIRGINIA             48,384 31.8   -        101,840 67.0  12
WASHINGTON          167,208 43.9   -        183,388 48.1   7
WEST VIRGINIA       143,124 49.4   7        140,403 48.5   1
WISCONSIN           220,822 49.4  13        191,363 42.8   -
WYOMING              21,698 41.8   -         28,376 54.7   3
--------------------------------------------------------------------
                  8,546,789 46.1 254      9,126,300 49.2 277
--------------------------------------------------------------------

