UNITED STATES OF AMERICA
PRESDENTIAL ELECTIONS OF 1920
====================================================================


POPULAR VOTE AND ELECTORAL COLLEGE VOTE BY STATE
====================================================================

                         James M                Warren G
                             Cox                 Harding
                   (Democrat, OH)        (Republican, OH)
--------------------------------------------------------------------
State               vote    %     ECV       vote    %     ECV
--------------------------------------------------------------------
ALABAMA             156,064 66.7  11         74,719 31.9   -
ARIZONA              29,546 44.4   -         37,016 55.6   3
ARKANSAS            107,406 58.5   9         71,107 38.7   -
CALIFORNIA          229,191 24.3   -        624,992 66.2  13
COLORADO            103,721 35.9   -        171,709 59.4   6
CONNECTICUT         120,721 33.0   -        229,238 62.7   7
DELAWARE             39,911 42.1   -         52,858 55.7   3
FLORIDA              90,515 62.0   6         44,853 30.8   -
GEORGIA             106,112 70.9  14         42,981 28.7   -
IDAHO                46,579 34.3   -         88,975 65.6   4
ILLINOIS            534,395 25.5   -      1,420,480 67.8  29
INDIANA             511,364 40.5   -        696,370 55.1  15
IOWA                227,924 25.5   -        634,674 70.9  13
KANSAS              185,464 32.5   -        369,268 64.8  10
KENTUCKY            457,203 49.8  13        451,480 49.2   -
LOUISIANA            87,355 69.2  10         38,539 30.5   -
MAINE                69,306 33.3   -        136,355 65.5   6
MARYLAND            180,626 42.2   -        236,117 55.1   8
MASSACHUSETTS       276,691 27.8   -        681,153 68.6  18
MICHIGAN            231,046 22.3   -        755,941 72.8  15
MINNESOTA           142,994 19.4   -        519,421 70.6  12
MISSISSIPPI          69,252 84.0  10         11,527 14.0   -
MISSOURI            574,799 43.2   -        727,252 54.6  18 
MONTANA              57,646 32.1   -        109,680 61.0   4
NEBRASKA            119,608 31.3   -        247,498 64.7   8
NEVADA                9,851 36.2   -         15,479 56.9   3
NEW HAMPSHIRE        62,662 39.4   -         95,196 59.8   4
NEW JERSEY          256,887 28.4   -        611,541 67.7  14
NEW MEXICO           46,668 44.3   -         57,634 54.7   3
NEW YORK            781,238 27.0   -      1,871,267 64.6  45
NTH CAROLINA        305,367 56.7  12        232,819 43.2   -
NTH DAKOTA           37,409 18.3   -        158,997 77.7   5
OHIO                780,037 38.6   -      1,182,022 58.5  24
OKLAHOMA            215,798 44.5   -        243,465 50.2  10
OREGON               80,019 33.6   -        143,592 60.2   5
PENNSYLVANIA        503,843 27.2   -      1,218,216 65.8  38
RHODE ISLAND         55,062 32.8   -        107,463 64.0   5
STH CAROLINA         64,170 96.1   9          2,244 03.4   -
STH DAKOTA           35,938 19.8   -        109,874 60.7   5
TENNESSEE           206,558 48.3   -        219,229 51.2  12
TEXAS               288,933 59.4  20        114,384 23.5   -
UTAH                 56,639 38.8   -         81,555 55.9   4
VERMONT              20,884 23.3   -         67,964 75.8   4
VIRGINIA            141,670 61.3  12         87,456 37.9   -
WASHINGTON           84,298 21.1   -        223,137 56.0   7
WEST VIRGINIA       220,789 43.2   -        282,010 55.3   8
WISCONSIN           113,196 16.2   -        498,576 71.1  13
WYOMING              17,429 31.9   -         35,091 64.2   3
--------------------------------------------------------------------
                  9,140,884 34.2 127     16,133,314 60.3 404
--------------------------------------------------------------------

