UNITED STATES OF AMERICA
PRESDENTIAL ELECTIONS OF 1924
===========================================================================


POPULAR VOTE AND ELECTORAL COLLEGE VOTE BY STATE
===========================================================================

                     Calvin               John W             Robert M
                   Coolidge                Davis          La Follette
            (Republican, MA)       (Democrat, WV)    (Progressive, WI)
---------------------------------------------------------------------------
State          vote    %     ECV    vote    %     ECV    vote    %     ECV
---------------------------------------------------------------------------
ALABAMA         40,615 25.0   -     113,138 69.7  11       8,040 05.0   -
ARIZONA         30,516 41.3   3      26,235 35.5   -      17,210 23.3   -
ARKANSAS        40,518 29.3   -      84,759 61.2   9      13,146 09.5   -
CALIFORNIA     733,196 57.2  13     105,514 08.2   -     424,649 33.1   -
COLORADO       193,956 59.4   6      75,238 23.0   -      57,368 17.6   -
CONNECTICUT    246,322 61.5   7     110,184 27.5   -      42,416 10.6   -
DELAWARE        52,441 57.7   3      33,445 36.8   -       4,979 05.5   -
FLORIDA         30,633 28.1   -      62,083 56.9   6       8,625 07.9   -
GEORGIA         30,300 18.2   -     123,260 74.1  14      12,687 07.6   -
IDAHO           72,084 48.1   4      24,217 16.2   -      53,664 35.8   -
ILLINOIS     1,453,321 58.8  29     576,975 23.4   -     432,027 17.5   -
INDIANA        703,042 55.3  15     492,248 38.7   -      71,700 05.6   -
IOWA           537,458 55.0  13     160,382 16.4   -     274,448 28.1   -
KANSAS         407,671 61.5  10     156,320 23.6   -      98,462 14.9   -
KENTUCKY       396,758 48.8  13     375,543 46.1   -      38,465 04.7   -
LOUISIANA       24,670 20.2   -      93,218 76.4  10           -        -
MAINE          138,440 72.0   6      41,964 21.8   -      11,382 05.9   -
MARYLAND       162,414 45.3   8     148,072 41.3   -      47,157 13.2   -
MASSACHUSETTS  703,476 62.3  18     280,817 24.9   -     141,225 12.5   -
MICHIGAN       874,631 75.4  15     152,359 13.1   -     122,014 10.5   -
MINNESOTA      420,759 51.2  12      55,913 06.8   -     339,192 41.3   -
MISSISSIPPI      8,384 07.5   -     100,057 89.4  10       3,448 03.1   -
MISSOURI       648,486 49.6  18     572,962 43.8   -      83,996 06.4   -
MONTANA         74,246 42.5   4      33,867 19.4   -      65,085 37.8   -
NEBRASKA       218,985 47.2   8     137,299 29.6   -     105,681 22.8   -
NEVADA          11,243 41.8   3       5,908 22.0   -       9,769 36.3   -
NEW HAMPSHIRE   98,575 59.8   4      57,201 34.7   -       8,993 05.5   -
NEW JERSEY     675,162 62.2  14     297,743 27.4   -     108,901 10.0   -
NEW MEXICO      54,745 48.5   3      48,542 43.0   -       9,543 08.5   -
NEW YORK     1,820,058 55.8  45     950,796 29.1   -     474,913 14.6   -
NTH CAROLINA   190,754 39.6   -     284,190 59.0  12       6,651 01.4   -
NTH DAKOTA      94,931 47.7   5      13,858 07.0   -      89,922 45.2   -
OHIO         1,176,130 58.3  24     477,888 23.7   -     358,008 17.8   -
OKLAHOMA       225,756 42.8   -     255,798 48.5  10      41,142 07.8   -
OREGON         142,579 51.0   5      67,589 24.2   -      68,403 24.5   -
PENNSYLVANIA 1,401,481 65.4  38     409,192 19.1   -     307,567 14.3   -
RHODE ISLAND   125,286 59.6   5      76,606 36.5   -       7,628 03.6   -
STH CAROLINA     1,123 02.2   -      49,008 96.6   9         623 01.2   -
STH DAKOTA     101,299 49.7   5      27,214 13.4   -      75,200 36.9   -
TENNESSEE      130,831 43.5   -     159,339 52.9  12      10,666 03.5   -
TEXAS          130,794 19.8   -     485,443 73.7  20      42,879 06.5   -
UTAH            77,327 49.3   4      46,908 29.9   -      32,662 20.8   -
VERMONT         80,498 78.2   4      16,124 15.7   -       5,943 05.8   -
VIRGINIA        73,328 32.8   -     139,717 62.5  12      10,369 04.6   -
WASHINGTON     220,224 52.3   7      42,842 10.2   -     150,727 35.8   -
WEST VIRGINIA  288,635 49.5   8     257,232 44.1   -      36,723 06.3   -
WISCONSIN      311,614 37.1   -      68,096 08.1   -     453,678 54.0  13
WYOMING         41,858 52.4   3      12,868 16.1   -      25,174 31.5   -
---------------------------------------------------------------------------
            15,717,553 54.1 382   8,386,169 28.8 136   4,814,050 16.6  13
---------------------------------------------------------------------------

