UNITED STATES OF AMERICA
PRESDENTIAL ELECTIONS OF 1928
====================================================================


POPULAR VOTE AND ELECTORAL COLLEGE VOTE BY STATE
====================================================================

                       Herbert C                Alfred E
                          Hoover                   Smith
                 (Republican, CA)          (Democrat, NY)
--------------------------------------------------------------------
State               vote    %     ECV       vote    %     ECV
--------------------------------------------------------------------
ALABAMA             120,725 48.5   -        127,796 51.3  11
ARIZONA              52,533 57.6   3         38,537 42.2   -
ARKANSAS             77,785 39.3   -        119,195 60.3   9
CALIFORNIA        1,147,929 63.9  13        614,365 34.2   -
COLORADO            252,924 53.6   6        132,747 34.0   -
CONNECTICUT         296,614 53.6   7        252,040 45.6   -
DELAWARE             68,860 65.8   3         35,354 33.8   -
FLORIDA             144,168 57.1   6        100,721 39.9   -
GEORGIA              99,368 43.4   -        129,602 56.6  14
IDAHO                97,322 64.2   4         52,926 34.9   -
ILLINOIS          1,770,723 57.0  29      1,312,235 42.2   -
INDIANA             848,290 59.7  15        562,691 39.6   -
IOWA                623,570 61.8  13        379,011 37.6   -
KANSAS              513,672 72.0  10        193,003 27.1   -
KENTUCKY            558,064 59.3  13        381,060 40.5   -
LOUISIANA            51,160 23.7   -        164,655 76.3  10
MAINE               179,923 68.6   6         81,179 31.0   -
MARYLAND            301,479 57.1   8        223,626 42.3   -
MASSACHUSETTS       775,566 49.2   -        792,758 50.2  18
MICHIGAN            965,396 70.4  15        396,762 28.9   -
MINNESOTA           560,977 57.8  12        396,451 40.8   -
MISSISSIPPI          26,202 17.3   -        124,445 82.2  10
MISSOURI            834,080 55.6  18        662,684 44.2   -
MONTANA             113,472 58.4   4         78,638 40.5   -
NEBRASKA            345,745 63.2   8        197,950 36.2   -
NEVADA               18,327 56.5   3         14,090 43.5   -
NEW HAMPSHIRE       115,404 58.7   4         80,715 41.0   -
NEW JERSEY          925,285 59.8  14        616,162 39.8   -
NEW MEXICO           69,708 59.0   3         48,211 40.8   -
NEW YORK          2,193,344 49.8  45      2,089,863 47.4   -
NTH CAROLINA        348,923 54.9  12        286,227 45.1   -
NTH DAKOTA          131,419 54.8   5        106,648 44.5   -
OHIO              1,627,546 64.9  24        864,210 34.5   -
OKLAHOMA            394,046 63.7  10        219,174 35.4   -
OREGON              205,341 64.2   5        109,223 34.1   -
PENNSYLVANIA      2,055,382 65.2  38      1,067,586 33.9   -
RHODE ISLAND        117,522 49.6   -        118,973 50.2   5
STH CAROLINA          5,858 08.5   -         62,700 91.4   9
STH DAKOTA          157,603 60.2   5        102,660 39.2   -
TENNESSEE           195,195 55.5  12        156,169 44.4   -
TEXAS               367,036 51.7  20        341,458 48.1   -
UTAH                 94,485 53.5   4         80,985 45.9   -
VERMONT              90,404 66.9   4         44,440 32.9   -
VIRGINIA            164,609 53.9  12        140,146 45.9   -
WASHINGTON          335,503 67.1   7        156,772 31.4   -
WEST VIRGINIA       375,551 58.4   8        263,784 41.0   -
WISCONSIN           544,205 53.5  13        450,259 44.3   -
WYOMING              52,748 63.7   3         29,299 35.4   -
--------------------------------------------------------------------
                 21,411,991 58.2 444     15,000,185 40.8  87
--------------------------------------------------------------------

