UNITED STATES OF AMERICA
PRESDENTIAL ELECTIONS OF 1932
====================================================================


POPULAR VOTE AND ELECTORAL COLLEGE VOTE BY STATE
====================================================================

                       Herbert C              Franklin D
                          Hoover               Roosevelt
                 (Republican, CA)          (Democrat, NY)
--------------------------------------------------------------------
State               vote    %     ECV       vote    %     ECV
--------------------------------------------------------------------
ALABAMA              34,647 14.1   -        207,732 84.7  11         
ARIZONA              36,104 30.5   -         79,264 67.0   3
ARKANSAS             27,465 12.7   -        186,829 86.3   9
CALIFORNIA          847,902 37.4   -      1,324,157 58.4  22
COLORADO            188,364 41.3   -        250,151 54.9   6
CONNECTICUT         288,420 48.5   8        281,632 47.4   -
DELAWARE             57,073 50.6   3         54,319 48.1   -
FLORIDA              69,170 25.1   -        206,307 74.9   7
GEORGIA              19,863 07.8   -        234,118 91.6  12
IDAHO                71,312 38.2   -        109,479 58.7   4
ILLINOIS          1,432,756 42.0   -      1,882,304 55.2  29
INDIANA             677,184 42.9   -        862,054 54.7  14
IOWA                414,433 40.0   -        598,019 57.7  11
KANSAS              349,498 44.1   -        424,204 53.6   9
KENTUCKY            394,716 40.2   -        580,574 59.1  11
LOUISIANA            18,853 07.0   -        249,418 92.8  10
MAINE               166,631 55.8   5        128,907 43.2   -
MARYLAND            184,184 36.0   -        314,314 61.5   8
MASSACHUSETTS       736,959 46.6   -        800,148 50.6  17
MICHIGAN            739,894 44.4   -        871,700 52.4  19
MINNESOTA           363,959 36.3   -        600,806 59.9  11
MISSISSIPPI           5,170 03.5   -        140,168 96.0   9
MISSOURI            564,713 35.1   -      1,025,406 63.7  15
MONTANA              78,134 36.0   -        127,476 58.8   4
NEBRASKA            201,177 35.3   -        359,082 63.0   7
NEVADA               12,622 30.5   -         28,756 69.5   3
NEW HAMPSHIRE       103,629 50.4   4        100,680 49.0   -
NEW JERSEY          775,406 47.6   -        806,394 49.5  16
NEW MEXICO           54,146 35.7   -         95,089 62.8   3
NEW YORK          1,937,963 41.3   -      2,534,959 54.1  47
NTH CAROLINA        208,344 29.3   -        497,566 69.9  13
NTH DAKOTA           71,772 28.0   -        178,350 69.6   4
OHIO              1,227,319 47.0   -      1,301,695 49.9  26
OKLAHOMA            188,165 26.7   -        516,468 73.3  11
OREGON              136,019 36.9   -        213,871 58.0   5
PENNSYLVANIA      1,453,540 50.8  36      1,295,948 45.3   -
RHODE ISLAND        115,216 43.3   -        146,604 55.1   4
STH CAROLINA          1,978 01.9   -        102,347 98.0   8
STH DAKOTA           99,212 34.4   -        183,515 63.6   4
TENNESSEE           126,752 32.5   -        259,463 66.5  11
TEXAS                97,852 11.2   -        767,585 88.2  23
UTAH                 84,513 41.0   -        116,749 56.6   4
VERMONT              78,984 57.7   3         56,266 41.1   -
VIRGINIA             89,634 30.1   -        203,979 68.5  11
WASHINGTON          208,645 33.9   -        353,260 57.5   8
WEST VIRGINIA       330,731 44.5   -        405,124 54.5   8
WISCONSIN           347,741 31.2   -        707,410 63.5  12
WYOMING              39,583 40.8   -         54,370 56.1   3
--------------------------------------------------------------------
                 15,758,397 39.6  59     22,825,016 57.4 472
--------------------------------------------------------------------

