UNITED STATES OF AMERICA
PRESDENTIAL ELECTIONS OF 1936
====================================================================


POPULAR VOTE AND ELECTORAL COLLEGE VOTE BY STATE
====================================================================

                        Alfred M              Franklin D
                          Landon               Roosevelt
                 (Republican, KA)          (Democrat, NY)
--------------------------------------------------------------------
State               vote    %     ECV       vote    %     ECV
--------------------------------------------------------------------
ALABAMA              35,358 12.8   -        238,131 86.4  11
ARIZONA              33,433 26.9   -         86,722 69.9   3
ARKANSAS             32,049 17.9   -        146,756 81.8   9
CALIFORNIA          836,431 31.7   -      1,766,836 67.0  22
COLORADO            181,267 37.1   -        294,599 60.3   6
CONNECTICUT         278,685 40.4   -        382,129 55.3   8
DELAWARE             54,014 42.3   -         69,702 54.6   3
FLORIDA              78,248 23.9   -        249,117 76.1   7
GEORGIA              36,943 12.6   -        255,364 87.1  12
IDAHO                66,232 33.2   -        125,683 63.0   4
ILLINOIS          1,570,393 39.7   -      2,282,999 57.7  29
INDIANA             691,570 41.9   -        934,974 56.6  14
IOWA                487,977 42.7   -        621,756 54.4  11
KANSAS              397,727 46.0   -        464,520 53.7   9
KENTUCKY            369,702 39.9   -        541,944 58.5  11
LOUISIANA            36,697 11.1   -        292,802 88.8  10
MAINE               168,823 55.6   5        126,333 41.6   -
MARYLAND            231,435 37.0   -        389,612 62.4   8
MASSACHUSETTS       768,613 41.8   -        942,716 51.2  17
MICHIGAN            699,733 38.8   -      1,016,794 56.3  19
MINNESOTA           350,461 31.0   -        698,811 61.8  11
MISSISSIPPI           4,467 02.8   -        157,333 97.0   9
MISSOURI            697,891 38.2   -      1,111,043 60.8  15
MONTANA              63,598 38.2   -        159,690 69.3   4
NEBRASKA            247,731 40.7   -        347,445 57.1   7
NEVADA               11,923 27.2   -         31,925 72.8   3
NEW HAMPSHIRE       104,642 48.0   -        108,460 49.7   4
NEW JERSEY          719,421 39.6   -      1,083,549 59.6  16
NEW MEXICO           61,727 36.5   -        105,848 62.7   3
NEW YORK          2,180,670 39.0   -      3,298,222 58.8  47
NTH CAROLINA        223,294 26.6   -        616,141 73.4  13
NTH DAKOTA           72,751 26.6   -        163,148 59.6   4
OHIO              1,127,855 37.4   -      1,747,140 58.0  26
OKLAHOMA            245,122 32.7   -        501,069 66.8  11
OREGON              122,706 29.6   -        266,733 64.4   5
PENNSYLVANIA      1,690,200 40.8   -      2,353,987 56.9  36
RHODE ISLAND        125,031 40.3   -        164,338 53.0   4
STH CAROLINA          1,646 01.4   -        113,791 98.6   8
STH DAKOTA          125,977 42.5   -        160,137 54.0   4
TENNESSEE           146,520 30.8   -        328,083 68.9  11
TEXAS               104,728 12.5   -        730,843 86.9  23
UTAH                 64,555 29.8   -        150,248 69.3   4
VERMONT              81,023 56.4   3         62,124 43.2   -
VIRGINIA             98,336 29.4   -        234,980 70.2  11
WASHINGTON          206,885 29.9   -        459,579 66.4   8
WEST VIRGINIA       325,486 39.2   -        502,872 60.6   8
WISCONSIN           380,828 30.3   -        802,984 63.8  12
WYOMING              38,739 37.5   -         62,624 60.6   3
--------------------------------------------------------------------
                 16,679,543 36.4   8     27,747,636 60.8 523
--------------------------------------------------------------------

