UNITED STATES OF AMERICA
PRESDENTIAL ELECTIONS OF 1940
====================================================================


POPULAR VOTE AND ELECTORAL COLLEGE VOTE BY STATE
====================================================================

                      Franklin D                 Wendell
                       Roosevelt                  Wilkie
                   (Democrat, NY)        (Republican, IN)
--------------------------------------------------------------------
State               vote    %     ECV       vote    %     ECV
--------------------------------------------------------------------
ALABAMA             250,723 85.2  11         42,167 14.3   -
ARIZONA              95,267 63.5   3         54,030 36.0   - 
ARKANSAS            157,258 78.4   9         42,122 21.0   -
CALIFORNIA        1,877,618 57.4  22      1,351,419 41.3   -
COLORADO            265,364 48.4   -        279,022 50.9   6
CONNECTICUT         417,621 53.4   8        361,819 46.3   -
DELAWARE             74,599 54.7   3         61,440 45.1   -
FLORIDA             359,334 74.0   7        125,158 26.0   -
GEORGIA             265,194 84.8  12         46,495 14.9   -
IDAHO               127,842 54.4   4        106,509 45.3   -
ILLINOIS          2,149,934 51.0  29      2,047,240 48.5   -
INDIANA             874,063 49.0   -        899,466 50.5  14
IOWA                578,802 47.6   -        632,370 52.0  11
KANSAS              364,725 42.2   -        489,169 56.9   9
KENTUCKY            557,312 57.4  11        410,384 42.3   -
LOUISIANA           319,751 85.9  10         52,446 14.1   -
MAINE               156,478 48.8   -        163,951 51.1   5
MARYLAND            384,552 58.3   8        269,534 40.8   -
MASSACHUSETTS     1,976,522 53.1  17        939,700 46.4   -
MICHIGAN          1,032,991 49.5   -      1,039,917 49.9  19
MINNESOTA           644,196 51.5  11        596,274 47.7   -
MISSISSIPPI         168,267 95.7   9          7,363 04.2   -
MISSOURI            958,476 52.3  15        871,009 47.5   -
MONTANA             145,698 58.8   4         99,579 40.2   -
NEBRASKA            263,677 42.8   -        352,201 57.2   7
NEVADA               31,945 60.1   3         21,229 39.9   -
NEW HAMPSHIRE       125,292 53.2   4        110,127 46.8   -
NEW JERSEY        1,016,404 51.5  16        944,876 47.9   -
NEW MEXICO          103,699 56.6   3         79,315 43.3   -
NEW YORK          3,251,918 51.6  47      3,027,478 48.0   -
NTH CAROLINA        609,015 74.0  13        213,633 26.0   -
NTH DAKOTA          124,036 44.2   -        154,590 55.1   4
OHIO              1,733,139 52.2  26      1,586,773 47.8   -
OKLAHOMA            474,313 57.4  11        348,872 42.2   -
OREGON              258,415 53.7   5        219,555 45.6   -
PENNSYLVANIA      2,171,035 53.2  36      1,889,848 46.3   -
RHODE ISLAND        182,182 56.7   4        138,653 43.2   -
STH CAROLINA         95,470 95.6   8          4,360 04.4   -
STH DAKOTA          131,362 42.6   -        177,065 57.4   4
TENNESSEE           351,601 67.3  11        169,153 32.4   -
TEXAS               861,390 80.9  23        201,866 19.0   -
UTAH                153,833 62.2   4         92,973 37.6   -
VERMONT              64,269 44.9   -         78,371 54.8   3
VIRGINIA            235,961 68.1  11        109,363 31.6   -
WASHINGTON          462,145 58.2   8        322,123 40.6   -
WEST VIRGINIA       495,662 57.1   8        372,414 42.9   -
WISCONSIN           704,811 50.2  12        679,206 48.3   -
WYOMING              59,287 52.8   3         52,633 46.9   -
--------------------------------------------------------------------
                 27,263,448 54.7 449     22,336,260 44.8  82
--------------------------------------------------------------------

