UNITED STATES OF AMERICA
PRESDENTIAL ELECTIONS OF 1944
====================================================================


POPULAR VOTE AND ELECTORAL COLLEGE VOTE BY STATE
====================================================================

                        Thomas E              Franklin D
                           Dewey               Roosevelt
                 (Republican, NY)          (Democrat, NY)
--------------------------------------------------------------------
State               vote    %     ECV       vote    %     ECV
--------------------------------------------------------------------
ALABAMA              44,478 18.2   -        198,904 81.3  11
ARIZONA              56,287 40.9   -         80,926 58.8   4
ARKANSAS             63,556 29.8   -        148,965 70.0   9
CALIFORNIA        1,512,965 43.0   -      1,988,564 56.5  25
COLORADO            268,731 53.2   6        234,331 46.4   -
CONNECTICUT         390,527 46.9   -        435,146 52.3   8
DELAWARE             56,747 45.3   -         68,166 54.4   3
FLORIDA             143,215 29.7   -        339,377 70.3   8
GEORGIA              56,507 17.2   -        268,187 81.7  12
IDAHO               100,137 48.1   -        107,399 51.6   4
ILLINOIS          1,939,314 48.1   -      2,079,479 51.5  28
INDIANA             875,891 52.4  13        781,403 46.7   -
IOWA                547,267 52.0  10        499,876 47.5   -
KANSAS              442,096 60.3   8        287,458 39.2   -
KENTUCKY            392,448 45.2   -        472,589 54.5  11
LOUISIANA            67,750 19.4   -        281,564 80.6  10
MAINE               155,434 52.4   5        140,631 47.5   -
MARYLAND            292,150 48.0   -        315,983 52.0   8
MASSACHUSETTS       921,350 47.0   -      1,035,296 52.8  16
MICHIGAN          1,084,423 49.2   -      1,106,899 50.2  19
MINNESOTA           527,416 46.9   -        589,864 52.4  11
MISSISSIPPI          11,613 06.4   -        168,621 93.6   9
MISSOURI            761,524 48.4   -        807,804 51.4  15
MONTANA              93,163 44.9   -        112,566 54.3   4
NEBRASKA            329,880 58.6   6        233,246 41.4   -
NEVADA               24,611 45.4   -         29,623 54.6   3
NEW HAMPSHIRE       109,916 47.9   -        119,663 52.1   4
NEW JERSEY          961,335 49.0   -        987,874 50.3  16
NEW MEXICO           70,559 46.4   -         81,338 53.5   4
NEW YORK          2,987,647 47.3   -      3,304,238 52.3  47
NTH CAROLINA        263,155 33.3   -        527,408 66.7  14
NTH DAKOTA          118,535 53.8   4        100,144 45.5   -
OHIO              1,582,293 50.2  25      1,570,763 49.8   -
OKLAHOMA            319,424 44.2   -        401,549 55.6  10
OREGON              225,365 46.9   -        248,635 51.8   6
PENNSYLVANIA      1,835,054 48.4   -      1,940,481 51.1  35
RHODE ISLAND        123,487 41.3   -        175,356 58.6   4
STH CAROLINA          4,617 04.5   -         90,601 87.6   8
STH DAKOTA          135,365 58.3   4         96,711 41.7   -
TENNESSEE           200,311 39.2   -        308,707 60.5  12
TEXAS               191,372 16.7   -        820,048 71.4  23
UTAH                 97,833 39.4   -        150,088 60.5   4
VERMONT              71,420 57.0   3         53,806 43.0   -
VIRGINIA            145,243 37.4   -        242,276 62.4  11
WASHINGTON          361,689 42.2   -        486,774 56.8   8
WEST VIRGINIA       322,819 45.1   -        392,777 54.9   8
WISCONSIN           674,532 50.4  12        650,413 48.6   -
WYOMING              51,921 51.2   3         49,419 48.8   -
--------------------------------------------------------------------
                 22,013,372 45.9  99     25,611,936 53.4 432
--------------------------------------------------------------------

