UNITED STATES OF AMERICA
PRESIDENTIAL ELECTIONS OF 1952
===================================================================


POPULAR VOTE AND ELECTORAL COLLEGE VOTE BY STATE
====================================================================

                        Dwight D                 Adlai E
                      Eisenhower               Stevenson
                 (Republican, NY)          (Democrat, IL)
--------------------------------------------------------------------
State               vote    %     ECV       vote    %     ECV
--------------------------------------------------------------------
ALABAMA             149,231 35.0   -        275,075 64.6  11
ARIZONA             152,042 58.4   4        108,528 41.7   -
ARKANSAS            177,155 43.8   -        226,300 55.9   8
CALIFORNIA        2,897,310 56.3  32      2,197,548 42.7   -
COLORADO            379,782 60.3   6        245,504 39.0   -
CONNECTICUT         611,012 55.7   8        481,649 43.9   -
DELAWARE             90,059 51.8   3         83,315 47.9   -
FLORIDA             544,036 55.0  10        444,950 45.0   -
GEORGIA             198,961 30.3   -        456,823 69.7  12
IDAHO               180,707 65.4   4         95,081 34.4   -
ILLINOIS          2,457,327 54.8  27      2,013,920 44.9   -
INDIANA           1,136,259 58.1  13        801,530 41.0   -
IOWA                808,906 63.8  10        451,513 35.6   -
KANSAS              616,302 68.8   8        273,296 30.5   -
KENTUCKY            495,029 49.8   -        495,729 49.9  10
LOUISIANA           306,925 47.1   -        345,027 52.9  10
MAINE               232,353 66.2   5        118,806 33.8   -
MARYLAND            499,424 55.4   9        395,337 43.8   -
MASSACHUSETTS     1,292,325 54.2  16      1,083,525 45.5   -
MICHIGAN          1,551,529 55.4  20      1,230,657 44.0   -
MINNESOTA           763,211 55.3  11        608,458 44.1   -
MISSISSIPPI         112,966 39.6   -        172,553 60.4   8
MISSOURI            959,429 50.7  13        929,830 49.1   -
MONTANA             157,394 59.4   4        106,213 40.1   -
NEBRASKA            421,603 69.2   6        188,057 30.9   -
NEVADA               50,502 61.5   3         31,688 38.6   -
NEW HAMPSHIRE       166,287 60.9   4        106,663 39.1   -
NEW JERSEY        1,373,613 56.8  16      1,015,092 42.0   -
NEW MEXICO          132,170 55.5   4        105,435 44.2   -
NEW YORK          3,952,815 55.5  45      3,104,601 43.6   -
NTH CAROLINA        558,107 46.1   -        652,803 53.9  14
NTH DAKOTA          192,712 71.0   4         76,694 28.4   -
OHIO              2,100,391 56.8  25      1,600,367 43.2   -
OKLAHOMA            518,045 54.6   8        430,939 45.4   -
OREGON              420,815 60.5   6        270,579 38.9   -
PENNSYLVANIA      2,415,789 52.7  32      2,146,269 46.9   -
RHODE ISLAND        210,935 50.9   4        203,293 49.1   -
STH CAROLINA        168,043 49.3   -        172,957 50.7   8
STH DAKOTA          203,857 69.3   4         90,426 30.7   -
TENNESSEE           446,147 50.0  11        443,710 49.7   -
TEXAS             1,102,818 53.1  24        969,227 46.7   -
UTAH                194,190 58.9   4        135,364 41.1   -
VERMONT             109,717 71.5   3         43,299 28.2   -
VIRGINIA            349,037 56.3  12        268,677 43.4   -
WASHINGTON          599,107 54.3   9        492,845 44.7   -
WEST VIRGINIA       419,970 48.1   -        453,578 51.9   8
WISCONSIN           979,744 61.0  12        622,175 38.7   -
WYOMING              81,049 61.7   3         47,934 37.1   -
--------------------------------------------------------------------
                 33,936,137 55.1 442     27,314,649 44.4  89
--------------------------------------------------------------------

