UNITED STATES OF AMERICA
PRESIDENTIAL ELECTIONS OF 1968
=============================================================================


POPULAR VOTE AND ELECTORAL COLLEGE VOTE BY STATE
=============================================================================

                     Hubert H            Richard M             George C
                     Humphrey                Nixon              Wallace
                (Democrat, MN)     (Republican, CA)   (American Ind, AL)
-----------------------------------------------------------------------------
State            vote    %     ECV    vote    %     ECV    vote    %     ECV
-----------------------------------------------------------------------------
ALABAMA          195,918 18.8   -     146,591 14.0   -     687,664 65.8  10
ALASKA            35,411 42.7   -      37,600 45.3   3      10,024 12.1   -
ARIZONA          170,514 35.0   -     266,721 54.8   5      46,573 09.6   -
ARKANSAS         188,228 30.4   -     190,759 30.8   -     240,982 38.9   6
CALIFORNIA     3,244,318 44.7   -   3,467,664 47.8  40     487,270 06.7   -
COLORADO         335,174 41.3   -     409,345 50.5   6      60,813 07.5   -
CONNECTICUT      621,561 49.5   8     556,721 44.3   -      76,650 06.1   -
DELAWARE          89,194 41.6   -      96,714 45.1   3      28,459 13.3   -
D OF COLUMBIA    139,566 81.8   3      31,012 18.2   -           -        -
FLORIDA          676,794 30.9   -     886,405 40.5  14     624,207 28.5   -
GEORGIA          334,440 26.8   -     380,111 30.4   -     535,550 42.8  12
HAWAII           141,324 59.8   4      91,425 38.7   -       3,469 01.5   -
IDAHO             89,273 30.7   -     165,369 56.8   4      36,541 12.6   -
ILLINOIS       2,039,814 44.2   -   2,174,774 47.1  26     390,958 08.5   -
INDIANA          806,659 38.0   -   1,067,885 50.3  13     243,108 11.5   -
IOWA             476,699 40.8   -     619,106 53.0   9      66,422 05.7   -
KANSAS           302,996 34.7   -     478,674 54.8   7      88,921 10.2   -
KENTUCKY         397,541 37.7   -     462,411 43.8   9     193,098 18.3   -
LOUISIANA        309,615 28.2   -     309,615 28.2   -     530,300 48.3  10
MAINE            217,312 55.3   4     169,254 43.1   -       6,370 01.6   -
MARYLAND         538,310 43.6  10     517,995 41.9   -     178,734 14.5   -
MASSACHUSETTS  1,469,218 63.0  14     766,844 32.9   -      87,088 03.7   -
MICHIGAN       1,593,082 48.2  21   1,370,665 41.5   -     331,968 10.0   -
MINNESOTA        857,738 54.0  10     658,643 41.5   -      68,931 04.3   -
MISSISSIPPI      150,644 23.0   -      88,516 13.5   -     415,349 63.5   7
MISSOURI         791,444 43.7   -     811,932 44.9  12     206,126 11.4   -
MONTANA          114,117 41.6   -     138,835 50.6   4      20,015 07.3   -
NEBRASKA         170,784 31.8   -     321,163 59.8   5      44,904 08.4   -
NEVADA            60,598 39.3   -      73,188 47.5   3      20,432 13.3   -
NEW HAMPSHIRE    130,589 43.9   -     154,903 52.1   4      11,173 03.8   -
NEW JERSEY     1,264,206 44.0   -   1,325,467 46.1  17     262,187 09.1   -
NEW MEXICO       130,081 39.8   -     169,692 51.9   4      25,737 07.9   -
NEW YORK       3,378,470 49.8  43   3,007,932 44.3   -     358,864 05.3   -
NTH CAROLINA     464,113 29.2   -     627,192 39.5  12     496,188 31.3   1
NTH DAKOTA        94,769 38.2   -     138,669 55.9   4      14,244 05.8   -
OHIO           1,700,586 43.0   -   1,791,014 45.2  26     467,495 11.8   -
OKLAHOMA         301,658 32.0   -     449,697 47.7   8     191,731 20.3   -
OREGON           358,866 43.8   -     408,433 49.8   6      49,683 06.1   -
PENNSYLVANIA   2,259,403 47.6  29   2,090,017 44.0   -     378,582 08.0   -
RHODE ISLAND     246,518 64.0   4     122,359 31.8   -      15,678 04.1   -
STH CAROLINA     197,486 29.6   -     254,062 38.1   8     215,430 32.3   -
STH DAKOTA       118,023 42.0   -     149,841 53.3   4      13,400 04.8   -
TENNESSEE        351,233 28.1   -     472,592 37.9  11     424,792 34.0   -
TEXAS          1,266,804 41.1  25   1,227,844 39.9   -     584,269 19.0   -
UTAH             156,665 37.1   -     238,728 56.5   4      26,906 06.4   -
VERMONT           70,255 43.5   -      85,142 52.8   3       5,104 03.2   - 
VIRGINIA         442,387 32.5   -     590,319 43.4  12     320,727 23.6   -
WASHINGTON       616,037 47.3   9     588,510 45.2   -      96,990 07.4   -
WEST VIRGINIA    374,091 49.6   7     307,555 40.8   -      72,560 09.6   -
WISCONSIN        748,804 44.3   -     809,997 47.9  12     127,835 07.6   -
WYOMING           45,173 35.5   -      70,927 55.8   3      11,105 08.7   -
-----------------------------------------------------------------------------
              31,274,503 42.7 191  31,785,148 43.4 301   9,901,151 13.5  46
-----------------------------------------------------------------------------

