UNITED STATES OF AMERICA
PRESDENTIAL ELECTIONS OF 6 NOVEMBER 2012
============================================================================
Source: websites of the state secretaries of state or election commissioners

SUMMARY OF POPULAR AND ELECTORAL COLLEGE VOTE
============================================================================
Candidate          Party                State    Vote        %      ECV
----------------------------------------------------------------------------
Roseanne Barr      Peace and Freedom    HI           67,314  00.1     -
Virgil Goode       Constitution         VA          121,475  00.1     -
Gary Johnson       Libertarian          NM        1,274,163  01.0     -
Barack H. Obama    Democrat             IL       65,600,425  51.0   332
Mitt Romney        Republican           MA       60,861,683  47.3   206
Jill Stein         Green                MA          467,011  00.4     -
Others                                              345,882  00.3     -
----------------------------------------------------------------------------
Total                                           128,737,953         538
----------------------------------------------------------------------------

POPULAR AND ELECTORAL COLLEGE VOTE BY STATE / TERRITORY
====================================================================================================
State            Obama/Biden              Romney/Ryan              Others                 Total
                 Votes      %     ECV     Votes      %     ECV     Votes      %     ECV
----------------------------------------------------------------------------------------------------
Alabama            795,696  38.4   -      1,255,925  60.6   9         22,717  01.1   -     2,074,338
Alaska             122,640  40.8   -        164,676  54.8   3         13,179  04.4   -       300,495
Arizona          1,025,232  44.5   -      1,233,654  53.5  11         47,673  02.1   -     2,306,559
Arkansas           394,409  36.9   -        647,744  60.6   6         27,315  02.6   -     1,069,468
California       7,854,285  60.2  55      4,839,958  37.1   -        344,304  02.6   -    13,038,547
Colorado         1,322,998  51.5   9      1,185,050  46.1   -         61,169  02.4   -     2,569,217
Connecticut        905,083  58.1   7        634,892  40.7   -         18,985  00.7   -     1,558,960
Delaware           242,584  58.6   3        165,484  40.0   -          5,822  01.4   -       413,890
D of Columbia      267,070  90.9   3         21,381  07.3   -          5,313  01.8   -       293,764
Florida          4,237,756  49.9  29      4,163,447  49.0   -         88,959  01.0   -     8,490,162
Georgia          1,773,827  45.5   -      2,078,688  53.3  16         47,535  01.2   -     3,900,050
Hawaii             306,658  70.6   4        121,015  27.8   -          7,024  01.6   -       434,697
Idaho              212,787  32.4   -        420,911  64.1   4         23,044  03.5   -       656,742
Illinois         3,019,512  57.6  20      2,135,216  40.7   -         87,286  01.7   -     5,242,014
Indiana          1,152,887  43.9   -      1,420,543  54.1  11         51,104  01.9   -     2,624,534
Iowa               822,544  52.0   6        730,617  46.2   -         29,019  01.8   -     1,582,180
Kansas             440,726  38.0   -        692,634  59.7   6         26,611  02.3   -     1,159,971
Kentucky           679,370  37.8   -      1,087,190  60.5   8         30,652  01.7   -     1,797,212
Louisiana          809,141  40.6   -      1,152,262  57.8   8         32,662  01.6   -     1,994,065
Maine              401,306  56.3   4        292,276  41.0   -         19,598  02.7   -       713,180
Maryland         1,677,844  62.0  10        971,869  35.9   -         57,614  02.1   -     2,707,327
Massachusetts    1,921,290  60.7  11      1,188,314  37.5   -         58,163  01.8   -     3,167,767
Michigan         2,564,569  54.1  16      2,115,256  44.6   -         58,150  01.2   -     4,737,975
Minnesota        1,546,167  52.7  10      1,320,225  45.0   -         70,169  02.4   -     2,936,561
Mississippi        562,949  43.8   -        710,746  55.3   6         11,889  00.9   -     1,285,584
Missouri         1,223,796  44.4   -      1,482,440  53.8  10         51,087  01.9   -     2,757,323
Montana            201,839  41.7   -        267,928  55.4   3         14,271  02.9   -       484,048
Nebraska           302,081  38.0   -        475,064  59.8   5         17,234  02.2   -       794,379
Nevada             531,373  52.4   6        463,567  45.7   -         19,978  02.0   -     1,014,918
New Hampshire      369,561  52.0   4        329,918  46.4   -         11,493  01.6   -       710,972
New Jersey       2,122,786  58.2  14      1,478,088  40.5   -         45,013  01.2   -     3,645,887
New Mexico         415,335  53.0   5        335,788  42.8   -         32,635  04.2   -       783,758
New York         4,172,739  62.4  29      2,415,156  36.1   -        100,287  01.5   -     6,688,182
North Carolina   2,178,391  48.4   -      2,270,395  50.4  15         56,586  01.3   -     4,505,372
North Dakota       124,966  38.7   -        188,320  58.3   3          9,646  03.0   -       322,932
Ohio             2,827,621  50.7  18      2,661,407  47.7   -         91,714  01.6   -     5,580,822
Oklahoma           443,547  33.2   -        891,325  66.8   7              -         -     1,334,872
Oregon             970,488  54.2   7        754,175  42.2   -         64,607  03.6   -     1,789,270
Pennsylvania     2,990,274  52.0  20      2,680,434  46.6   -         82,798  01.4   -     5,753,506
Rhode Island       279,677  62.7   4        157,204  35.2   -          9,168  02.1   -       446,049
South Carolina     865,941  44.1   -      1,071,645  54.6   9         26,532  01.4   -     1,964,118
South Dakota       145,039  39.9   -        210,610  57.9   3          8,166  02.2   -       363,815
Tennessee          960,709  39.1   -      1,462,330  59.5  11         35,538  01.4   -     2,458,577
Texas            3,308,124  41.4   -      4,569,843  57.2  38        115,884  01.4   -     7,993,851
Utah               251,813  24.7   -        740,600  72.6   6         27,402  02.7   -     1,019,815
Vermont            199,239  66.6   3         92,698  31.0   -          7,353  02.5   -       299,290
Virginia         1,971,820  51.2  13      1,822,522  47.3   -         60,147  01.6   -     3,854,489
Washington       1,755,396  56.2  12      1,290,670  41.3   -         79,450  02.5   -     3,125,516
West Virginia      238,269  35.5   -        417,655  62.3   5         14,514  02.2   -       670,438
Wisconsin        1,620,985  52.8  10      1,410,966  45.9   -         39,483  01.3   -     3,071,434
Wyoming             69,286  27.8   -        170,962  68.6   3          8,813  03.5   -       249,061
----------------------------------------------------------------------------------------------------
Total           65,600,425  51.0 332     60,861,683  47.3 206      2,275,845  01.8       128,737,953 
----------------------------------------------------------------------------------------------------

